001001001000000000000000000000000000000000000000000000
000001001000001100010000000100000000000000000000000000
100101110110000000001000000110110000000000100000000000
100101100010000000001000000110110000000000100000000000
001101010000000000000000000000000000000000000000000000
000001001000001100010000000100000100000000000000000000
100101100110000000001000000110110000010000100000000000
100101011110000000001000000110110000010000100000000000
100110010110000000010000001100001100000000100000000000
000001001000001100010000000100001000000000000000000000
000010010010001000010000101000001100000000001000000000
000010100001000001000000000000000000000000000000000000
000001001000000010000010000110000000000000000000000000
000001001000001100000100000100000000000000000000000000
000001001000001000001000000001010000010000000000000000
101101110010000000001000000000000000000000100000000000
000101000000000000000000000000000011100000000000000000
000101000100000000000000000000000011000000000000000000
100110000110000011000000000000000000000000100000000000
100110000110000011000000000000000000000000100000000000
000001001000001011000010010110000000000000000000000000
000001001000001011000010010001100000010000000000000000
000001001000000010000010000001000000010000000000000000
000001000001000000010000000000001100000000000000000000
000001000101000000010000000000001100000000000000000000
000101100101000000000000000000000010000000000000000000
000000101000001000000000101000001100000010011000000000
000001001000001100100000000000000000100000000000000000
000101110001001001000000010000000010000000000000000000
000101110101000000000000000000000010000000000000000000
000001001000000010100001000000000000100000000000000000
000001001000001100100000000000000000000000000000000000
100000000000010000000000000000000000000000000000000000
000110000101000000000000000000000010000000000000000000
000000000000000000000000000000000000000000000000000000
000010000000100000100000000000000000100000000000000000
000110010000000000000000000000000011100000000000000000
000110010101000000000000000000000010000000000000000000
000000101110001000010000101000001100000000101000000000
000011100000000010100001000000000000100000000000000000
000110100000000000000000000000000011100000000000000000
000110100101000000000000000000000010000000000000000000
000010110010000000000000000000000000000000000100000000
000011001100000000100000000000000000100000000001000000
000110110001000000000000000000000010000000000000000000
000001001000000000000000000000000000000000000000000000
000001001000000010100001000000000000100000000000000000
101000000000000000000000000000000000000000100000000000
000011000100000000000000000000000000000000000000000000
010011001000000000000000000000000000000000000000000000
010110111100000000000000000000000000000000000000000000
000011011100001000000000100000000000000000000000000000
000111010001000000000000000000000010000000000000000000
000011100100000000000000000000000000000000000000011000
010011010100000000000000000000000000000000000000000001
000001001000001000010000101000001100000001010000000000
000010100110001000010000101000001100000000000000000000
000111100100000000000000000000000011100000000000000000
000010111100000000000000000000000000000000100000000000
000010111110000000000000000000000000000000000000000010
000011010010000000000000000000000000000000000000000100
000010111100000000000000000000000000000000100000000000
000001101001000010000011000000000000001100000010000000
000011110000000000000000000000000000000000000000100000
